-0.6749390691891319 -1.0117228139686645 0.3852095093085038 
-1.5079375852182573 -0.40626693441397377 0.31356625312313297 
0.39522348557973686 1.2358000792449315 -0.49878686125186844 
0.8318434531063619 -0.0815877783686687 0.3317237345575484 
-0.48469870814428134 -0.9237998155174099 1.0276216401391478 
-1.4835485932529926 0.652353477509588 0.7981264947291292 
-0.2261585092037061 1.3262273193136265 -0.5770164498089974 
-0.6394379938031642 -0.4914670259885069 0.7623416744738881 
-1.8966768476137825 -1.0418811105571302 -1.061309154174063 
1.0157400516475472 -0.41318553334510805 -0.16995621786038714 
-0.7335291444063502 -0.3290007346576786 0.9021060120126949 
0.38510710844406215 0.180710407760305 0.8402876549715911 
0.328747354938974 -1.3765050187717378 -0.17646311073580281 
0.9985800013119771 0.7958631566800813 -0.5327967407481795 
-0.17519104427494625 -0.42421707043048684 0.04893946374874436 
-2.0461241405906248 0.1892094467200704 0.07417122294326284 
-1.3677668723362135 -0.5092822911216627 0.24696953965360313 
-0.15969225980725527 -1.237316964638907 0.04277389861366085 
1.827066384403586 0.08654629289445981 -2.2695650739841677 
0.6192736892707171 -0.26064502855585336 0.6675375904057781 
1.2058590726025993 0.10822790074805178 -0.12571469449644088 
-0.5569679708692328 0.25439663798343226 1.21758810690002 
0.30186957488409416 1.194489334377457 0.21498843914727317 
-0.2149505626391522 -0.3570880695829979 -0.5573825355989617 
0.5605220815868686 0.673782081137952 1.603174756131124 
1.3443041100752193 -0.09238204948265138 1.2691758326925597 
-0.663680477804656 1.5028519773368925 -0.1047847247964246 
0.23995751122393388 -1.1230235077811699 -0.28232455243995663 
-0.052535917062427634 0.46083304061978736 0.2325359964958407 
-0.1815547243537688 0.498466722588239 -0.4370829272039203 
-0.4146311087459609 0.6193106459022721 -0.021524646724853103 
-0.29044636745745644 -0.23112016720123263 0.5572801498680348 
-0.22762566519362099 0.9397791238440305 -0.32675531101801625 
1.3136107175377922 0.07438770949062423 0.005554811577872465 
-1.0212133545219977 -1.2193748554453525 0.8515282340611339 
0.26504007982010036 -1.2977335231284395 -1.2503567121150785 
0.6325679471850207 1.8497907543864167 -0.24379572642106984 
1.0979122889149089 -0.24226371085574394 0.31188866954214794 
0.45431036788494816 -0.44585104328642905 -0.5468701911994753 
-0.4627487214090158 -1.1352509828797004 1.187818193254716 
1.21178689130503 0.8756487672730927 -0.38094147894119057 
-2.19412595521427 -0.7201894578879149 -0.6010027146641359 
-1.282233195764644 0.28754561441469756 0.05521124641308933 
0.15501697125640293 -0.0070159171509660695 -0.4379655568468361 
-0.6165363790050093 -1.7204004574634935 0.05700184831888641 
0.08949079656163228 0.6545187136958848 0.0690648104334096 
-1.103306092275024 -0.35450770733345766 0.4617071291054756 
0.4378349223283141 1.4297404984403626 0.26929342661807193 
-0.30493828530709605 -0.2405355972436254 1.464570354402907 
-0.7451032061634842 -1.3629900555385204 0.656892839473146 
1.1549341421845578 -1.1155033352450308 -0.2930325279593785 
-0.9677496229674285 0.2982755108460964 -0.1286166338089163 
-1.0106745651374436 -0.28922388007030236 -0.6255053653807429 
1.2074369697268081 -0.4600179101593767 0.4590486271548495 
0.8034377039266404 0.8353911437846981 0.5529526403051751 
-0.6799411007934043 -1.0748072427004292 0.07528962216965299 
-1.7367261205168487 -0.24195044343737712 1.0886182460307867 
0.20198322199062801 0.6489895113193208 1.923030384243797 
0.21781810519091266 0.30563030884527875 0.4450960088604189 
-1.121402315195944 -1.132953513331956 -1.3833820990189225 
-0.5886995253325101 0.8374285011874277 -1.0881700188345031 
-0.2799922725846834 -0.3449684051694428 0.0634638709668319 
-0.14755190562528422 -0.19594046318141717 2.761660330273619 
0.043624072480316134 -0.05812729155272395 -0.49901684464284624 
-0.8263877784901845 -0.40205849264294763 0.7750563776915257 
-0.564769239776793 -0.036937890993663236 -0.1536880511165351 
0.3959767867694243 -0.38810059605360403 -1.2864104097878122 
-0.7754757481667833 0.48641109082757494 -0.7290745757053255 
-0.034877124502452825 -0.04372610680635995 0.0911119287277296 
-1.0525958491077099 0.8155755814670616 -0.7979668480582114 
-0.029461419842296777 0.8644194834002175 0.7208019360956418 
1.521907998068771 0.20350516599489965 -1.69109398202327 
0.021705715257305337 -0.19672807645151286 -0.7611726365002803 
0.029078910868675197 0.9311709023350243 -1.2806222952792008 
0.5860087152206792 -0.5287637709912313 -0.9166928692825171 
1.824093909670901 0.3766684808855924 -0.5657640878017893 
0.19586266326056206 -1.1884559598430122 1.3081047061842581 
0.532203134951731 -2.447493673595607 0.46005963441035364 
0.07237504207313325 0.6957007820567397 0.5864854644512549 
-0.5880422152078567 -0.7237208030929093 0.2534445846120654 
-0.5361067018969145 0.5245966134446819 1.6690466983367873 
-0.6409153574636854 0.0035018186947715084 -0.8845583162656647 
0.8310639225267786 -0.17904520253835482 1.894479257024189 
-1.3278343154808645 -1.312008233635757 1.4737146542883943 
-0.5371033870013325 -0.6200685817483885 -0.8563944473893761 
-0.5496452188579356 -0.01883769251573525 -0.23240786889427106 
-1.0288207726835945 -1.4242874430967314 0.47042117401355293 
0.9106871929112209 -1.44113132200181 1.5931419694133733 
0.45582348240036563 -0.9822327649310325 0.016940908542932176 
-0.8360815085736907 -0.27276697722182197 -0.006277601546214984 
0.5921362644598192 -0.5507763018717429 1.07845526408221 
-0.2313017201933476 1.1640811029205405 -0.396725181243579 
-0.9322723403326647 -0.5635758087017371 -0.22812464430193743 
-0.9517375422929655 0.22023399207324088 1.6161128223599308 
-0.2435861157222097 -1.2056755289129402 -2.3792722372451065 
0.20367415837774266 -0.8309876303292104 -1.2315795961545886 
-1.0149107041763514 1.6374380519798986 -0.172506488522982 
-0.5776152733157789 0.525273579212006 -0.08759307276583356 
-0.83216794197017 -0.41501958890647134 0.6769929535795782 
0.5751075427096489 0.7396258420302882 -0.48651221741885364 
-1.019551431502387 0.36111676694415507 0.4287014076586177 
-0.6473513949907181 0.9841291396994627 0.7321537679700496 
-0.06963728171094134 0.48637678549020064 -0.9170377148874048 
-0.3025755921341396 1.3299750215392154 -0.1378706220928206 
0.898168655545638 1.843389212467236 0.0896069708082151 
0.7982354965453624 0.09450874656636434 0.3703177306253185 
-0.2421561066053068 -0.7854771708687766 1.3250187429411038 
-0.1845344899736752 1.0236650316947042 0.39970019494949643 
