-3.3201146069504044 0.7361283898409238 2.5949687566555117 
-2.7141987852351908 -2.1967641807666367 4.023128592414701 
-2.205883457094301 -0.18019846817985094 4.195408610238605 
-3.2643989872711687 0.10416022281523005 0.9179805816124986 
-2.8131486532119117 -0.9660409166041235 2.6457671503058515 
-1.3921224245684904 0.36241487164453184 6.707651012771971 
-2.5756442243202198 -1.3999474399797902 5.390857578409121 
-3.012323633586662 -1.1649817772171869 4.256447542113543 
-3.767553665403261 -1.022912329407947 5.4561864387418035 
-4.569387847839015 -1.7438783265268534 5.86079851543537 
-2.6984564446810473 -2.0689337340237395 8.131558346117725 
-1.304842810025011 -0.9020362345166624 8.104856443979529 
-1.419905251750065 0.6061278983431444 4.333537918750071 
-2.8613537245971346 1.7032468073491018 4.10938366084463 
-0.6089914085569117 0.04246547402224927 3.1232201022301123 
0.3091395328933647 1.5090713361738763 1.44584739850217 
-2.5621973150962125 1.1778499529132143 3.1981411382390155 
-0.8206406650678825 -0.3168222375154021 6.030325194396691 
-2.802798964895644 0.681080626547997 4.275640603838352 
-0.7186247032957765 2.060673122979584 3.469388621934066 
-1.7881093464460187 -0.790835626626841 6.098912365205876 
-2.889891320671566 -0.37807249622125666 5.013107633756219 
-1.079605156094429 -1.9178885867290782 6.475569593701314 
-2.5638010826752535 1.5601855990150415 5.696993299519031 
-3.759132811519793 3.230596711313155 3.2785911423300536 
-2.7203539923171896 5.270376902010608 3.225165899046324 
-2.5422547840065484 2.723728098099026 1.9905741001472774 
-2.168805188828819 2.1485146725328916 3.0118385884455385 
-3.418382183211205 2.2303789806476337 3.300808440076598 
-3.455379396889927 2.0492709204425816 5.310972978107357 
-0.9898827968675875 2.22772392034312 5.995600214879656 
-1.390597163694761 2.438983271660635 2.1133428778914625 
-2.558501158201835 2.528607365846969 5.102264635040647 
-1.8796322197288424 4.19100788888891 4.779604304258771 
-1.8447689332399937 1.3310917830689504 6.43274099620518 
-2.1231618187803782 3.8514269648651784 3.7103511616106335 
-0.4813308545964038 -1.6583663690726567 2.3565758080294468 
-0.2973312220106595 -0.9970982598461098 3.4753580774103816 
-3.5429717630252306 -2.2357654806927156 1.0219621644858399 
-0.7783921685350501 0.8696380229544071 5.724752211812115 
-1.8391663922864125 -3.07341440486858 4.635100787983684 
-0.6530567269468506 -0.2528629479260325 5.05291220091094 
-0.3623843071826768 0.9129485037794208 3.673965360046254 
0.20258253216707797 -0.7277715038815449 5.49691039341868 
-1.6233746424962023 -0.009768149892997069 5.213154949801779 
-1.9064003243979337 0.9943879142934633 5.168285757315909 
0.5866588661421324 -2.374755934100491 7.780118370627502 
1.0233501749116984 -0.6992289995724288 6.344945467124447 
-1.6477776916897338 0.3176106365390633 3.300892076054358 
-1.895598665537516 0.9418665437912455 2.3882911556678392 
-1.0991039645334224 -0.3913964624280716 4.152305392246379 
-0.3359987915071629 2.9999597144697097 3.3780124204952933 
0.43225095578939154 1.4877231325459424 3.3411546245443535 
-0.8325431589433594 1.4898372696665445 6.690058934020805 
-1.722936040013715 -2.314304716137077 3.7171072635746643 
-0.4317309600283202 0.5506172188322657 1.7474779283459472 
-1.6834576723925947 -1.9475509493203524 5.25722538488631 
0.0014288714226770496 -0.3701388974313245 6.606953778817436 
-0.9414526455435251 -0.7871630605020234 7.021179330442861 
2.061043062896929 0.7685803187216858 5.299071476414632 
0.18876858416835363 0.4405334261745502 0.7809323186874146 
-1.1485325521243057 3.5480159286446353 4.08321853946096 
-0.8888547862087882 1.0439874464013352 2.6743034162887707 
-0.4098118600729397 1.9168829501965206 2.427414706045535 
-1.6094309306306298 1.442675236761599 3.6200859731611215 
-0.6049843340686227 2.4999519579086886 4.469705253769197 
-0.8976093748459745 1.5035720041934566 4.535866538269698 
0.33032607147597903 4.580058149140363 4.313261284759118 
-0.2302516716911521 2.5109822170163683 6.618689941780599 
-2.16810838626427 2.4272773429898957 6.104455679952653 
1.4350903359152591 1.8662759247952831 6.479894917194132 
-0.27675590046115445 3.718427725330573 6.352620707351741 
0.5673511823394611 -0.35200109539092145 2.4721263616699427 
1.1089094022302766 0.9444438916535166 4.694967733086636 
2.8105969671496904 -1.2655231861637186 1.7914663538914657 
0.703278859129234 -1.5336113217370058 1.8236820922723047 
1.2189154087234235 1.974433086110618 4.220081210297537 
1.5089755853694682 -0.038363881200900396 4.325075146982059 
2.9022093781824183 -0.16404843365014352 2.2243426094630183 
1.0246462593656842 -0.06595063698267482 5.2840149696142165 
1.6703227827796885 -0.2530723932694437 7.236312177179092 
2.849167332436293 0.31647692399915445 6.137708011437413 
-0.04876222430847205 -4.436210130340308 4.834257322170952 
0.21754856629093908 1.8054321271699267 4.55059920711249 
2.1240574453135834 1.0555606002831404 1.495703515934069 
0.7148572036634919 0.494325785013684 1.6759322576195417 
1.474538757641301 0.9852385732506026 3.632698642381287 
1.0516176908119494 1.7137020387708017 2.4703486637558525 
0.5080529817696643 2.5546152490418055 3.6439923368615994 
-0.2441911013714512 3.6481878368511254 4.656383089217543 
1.1488064536464702 4.457022963119268 3.336424340068278 
0.8021144783001851 2.5226973895473517 1.6427670410623025 
-0.8372377040779243 -1.3714500755254388 5.476618876648277 
1.1223807555192562 0.9305406105797408 5.779634034262301 
2.1185200408106386 1.7266729841645045 7.499682256175708 
2.1638859725011774 -0.8573379943985766 6.182601729451087 
0.2196565904503099 0.7112697337531436 2.5986011747427344 
1.6981193062176343 3.718381057576873 1.9995349662290443 
-0.2667045069920164 1.7726239816581613 0.2820774690058761 
0.7085715314818237 2.3332631494489777 0.6457276580242504 
-1.6652446205382556 3.3969268348453703 2.5385949812028965 
0.5458537720818927 3.7450506058096136 2.900772307726115 
1.6354696638108857 3.1466163881349303 4.961411542866234 
0.570550705750743 5.4261061730729505 3.4935780770187277 
0.5356242542400973 2.8432896372627967 4.754331544690493 
-0.2211340320610074 2.8033458141719105 5.556014060191587 
1.5852115224495726 2.6024856239078025 7.336463810880244 
1.0472482520922106 3.620536419480807 4.127870662904081 
